107057
107013
216012
101032
110025
210032
110022
211042
310042
203023
309012
206011
110032
303033
304044
206052
305011
301014
301055
110017
106011
101042
215053
110055
211053
310012
308011
307045
205015
308013
205013
308051
309021
202021
203031
206021
210037
302032
212014
308014
107035
106022
107034
106021
207041
210011
215021
215023
211021
217042
310021
109051
201022
308022
308021
309033
305031
309034
203043
205022
301031
303011
103041
215032
215031
101022
110034
101023
209034
216041
106031
104051
308033
201032
308032
308031
206045
309041
202041
101013
303023
101057
206042
303021
301041
302014
302057
303024
302012
