104021
103052
103054
212051
110025
103055
110022
207021
207022
109031
109032
310041
109034
310042
201043
202012
201042
309051
309052
206052
206051
305011
305012
110017
110016
110013
110014
207031
213031
207032
213032
310051
109044
310053
310054
310055
310056
109041
305021
202021
304055
304054
206062
207041
213041
208011
214011
108041
108042
108043
109012
310021
310022
310023
310013
202031
303052
303055
304022
303053
103041
103045
207053
104012
207054
214022
214021
208023
213054
108053
109021
109023
310031
310032
108051
310034
203014
309044
203013
309041
202041
304034
304033
105031
105037
105035
105036
214032
308044
308045
309012
203021
203022
308041
303033
215014
106011
105042
208041
209011
214041
209013
110056
209012
310012
203037
308051
309021
203033
303044
304012
104043
105011
105012
210011
208054
105013
215022
105014
109053
1070111
308022
308021
307052
110054
110052
302041
302045
105023
210022
105026
210021
215031
110034
209037
209036
104051
308032
303023
302053
303021
210012
110041
303024
107014
107013
216014
209041
107018
216012
101032
210032
107016
215041
106042
106041
307032
307031
307034
204032
101024
302026
301057
302023
107024
301059
101041
216023
101042
210044
216024
211011
102012
215052
106053
205017
307045
205015
308013
307041
210036
210035
302031
308014
302034
210051
106023
106022
106021
216034
210054
210053
216031
105051
105052
307012
205024
301031
204052
301033
217015
217016
106032
217013
101021
217014
101022
216041
106031
307023
101013
302011
101014
301041
302012
211041
107057
212012
102041
217022
103013
211042
216052
108021
305053
306021
306022
205045
205044
206011
306024
211052
211051
102052
108034
103024
217031
108031
108032
306031
306032
306033
206022
205053
306034
107036
107035
101051
107034
107033
212035
101053
102021
1070513
217042
1070512
217041
305031
102016
213012
108012
207011
207012
108011
107042
206045
206044
206041
102027
212036
305044
306013
305046
