213022
213023
212051
110025
110022
213021
109031
109032
109033
109034
202011
202012
304042
201042
201041
110032
304044
304043
305011
305012
305014
110017
110016
110013
213031
213032
109042
109044
109041
202022
305021
201051
304053
202021
201052
304055
304054
214012
213046
109013
213041
213042
108042
108043
109012
202031
303052
202032
303055
304022
303053
304021
214022
213054
108052
108053
109021
109023
108051
203014
203012
203013
304031
202041
304034
304033
213049
214031
203021
203022
303034
303033
303032
303031
215014
215016
215015
214041
110056
203037
203035
303041
203033
203031
304012
215021
215023
214051
109051
1070111
109052
204015
203043
204012
204011
303012
110053
303015
303014
303013
303017
215032
110034
204024
204022
203052
303023
203051
303021
110041
303024
216014
101031
215043
101032
216013
215041
204033
204032
204031
302022
101024
101025
301051
302026
301057
301055
302023
101042
216024
215051
205017
205016
205015
205014
204044
302032
302035
216034
101011
216031
205025
204056
204054
205022
205021
301031
204052
301034
217015
217013
101021
217014
217011
101022
101023
216041
205034
205032
101013
302011
205031
301043
101014
301041
302012
102042
102043
102046
217022
103013
205045
205044
206011
205041
301014
301012
102051
301018
103023
103022
217031
217032
206022
205054
206021
205053
301021
101053
102021
101055
102023
1070513
217042
1070510
217041
206032
102014
206031
102016
102031
102033
102034
207012
1070515
206045
206044
206043
102025
206042
206041
104021
104022
103056
103055
310041
310042
309051
206051
104032
207031
207032
310053
310054
206062
103032
103031
207041
103033
208011
310021
310022
310013
309032
103028
103041
103043
103045
104014
208022
104013
208023
310032
310034
309045
309042
309041
105031
208031
208032
208033
208034
105036
308044
308043
308046
309012
308042
308041
106011
208041
209011
106014
209014
105041
310011
310012
309024
309023
308051
309021
105011
105012
208051
104042
105015
210011
208053
209021
209024
105013
105014
308022
308021
307052
105023
104052
105021
105026
209033
210021
105024
105025
209034
209037
209036
104051
308033
308032
308034
308031
210012
107013
107012
209042
209041
107017
210031
106042
106041
307034
210023
107025
107023
107022
210044
210043
211011
107021
106053
106052
106051
308011
307043
307045
308013
210037
210035
308014
3100510
105055
106023
105053
105054
106021
211022
210054
211021
1030210
105051
105052
307012
106032
106031
307021
212011
107057
212012
212013
107055
211042
108021
305052
306021
306022
306024
212021
211051
212022
108034
211053
108031
306031
306032
201012
306033
212014
306035
212015
212033
107034
212035
212031
201015
201022
305031
213011
108012
212041
108011
107042
107041
201033
201032
305042
306011
201031
212036
306012
305044
212037
306013
212038
