104021
104022
213023
209042
209041
110022
213021
215041
310041
202012
304041
204032
309051
104016
210023
213033
216022
107021
205017
205016
201051
204044
210037
304055
304054
214012
109013
216034
211021
208011
101012
1030210
310023
205025
307011
202031
304022
213055
217015
101021
214022
106031
307023
203013
205031
105033
212012
212013
105037
208033
217022
211042
108021
305053
309012
205044
206011
301017
102051
215013
212022
106011
105042
215015
103023
209014
105041
201011
301021
306034
104044
212034
212035
210011
215021
212031
217042
214051
308024
305031
203044
307052
302044
206032
206031
110052
213011
105023
209031
104053
105021
209033
212041
105025
209037
104051
308034
201031
203052
308031
204021
206041
305044
212037
