105031
105037
208033
211042
310041
310043
305051
307032
202051
206011
302022
101024
301051
305012
302025
301055
302023
211051
212023
301059
301015
215015
208041
310051
215051
106053
105041
306032
306033
303041
210037
304012
206062
212034
208053
210053
208011
105013
101055
102024
105014
216031
310023
308022
307053
308021
305031
303052
206031
215017
303017
105025
208024
207012
108054
310032
310024
201032
307023
306055
206045
302011
303023
301043
303022
302054
302053
303021
301041
306013
302013
305047
302056
