213023
212051
110025
110022
110023
213021
109032
109033
201044
202011
202012
304042
201042
201041
304044
304043
305011
305012
305013
305014
213033
110016
110013
213031
213032
109042
109045
109041
305021
201051
304053
202021
304051
304055
304054
214013
214012
213046
109013
213041
214011
108042
108043
109012
202031
303051
304023
303055
303054
304022
304021
213055
213053
214022
108052
108053
109021
109022
108054
109023
108051
203014
203013
304031
203011
202041
304034
304033
304032
214031
203023
203021
203022
202051
303034
110056
303041
304012
304011
215022
214051
1070113
109051
203044
204011
302044
303011
110054
110051
302045
303013
303017
215032
215031
110034
204024
204021
303023
110042
203051
303022
303021
110041
302057
303024
216014
101031
101032
204033
301053
302022
101024
301054
302021
101025
301052
302026
301058
301055
302024
301059
101041
215054
101042
216024
102013
215055
102012
215051
204044
205012
205011
204042
216034
101011
216031
205024
204054
205022
204053
301031
204052
301035
301033
301034
217015
217013
101021
217011
101022
217012
101023
216041
205033
205032
101013
205031
301043
101014
301041
302014
302013
103012
102046
217022
216052
2130410
205045
205044
206011
301014
301011
301012
301017
102051
301018
102053
103021
301015
102052
103023
217033
217031
217032
206022
206021
205053
205052
301021
301023
101051
101052
101053
102021
101054
101055
102023
1070513
217042
217043
1070512
1070510
217041
206032
206031
102031
102033
206043
102026
102025
206041
104021
104022
103056
103055
207021
207022
310042
309051
104016
206052
206051
104032
207031
310051
310053
310055
310056
206062
206061
103032
103031
207041
208011
208012
310022
310023
310013
309034
309031
309032
103027
103041
103045
207052
207053
208021
207054
103046
208023
310031
310032
310034
310024
309044
309045
309042
105033
105034
105037
208032
208033
105035
208034
105036
308044
308043
309011
308045
309012
308042
308041
106012
106011
105042
105043
208041
209013
106014
209014
105041
310011
310012
309023
308051
105011
105012
208051
208052
209022
105015
210011
208053
209021
209024
105013
105014
308022
308021
307051
105023
105021
105026
209033
105025
209034
209037
209036
104051
308033
107013
209041
210033
107018
107016
210031
106042
307032
307034
307033
210023
107025
107022
210044
211011
106053
308011
307043
307045
308013
307041
308014
105055
106023
106022
105053
105054
106021
211022
210054
211021
1030210
105051
105052
307012
307011
211031
106031
307021
306052
307023
306054
306051
107057
212012
107056
211042
108021
107052
305051
305052
305053
306021
306022
306024
211052
212021
211051
108031
108032
108033
201011
306031
306032
201012
306033
306034
212014
107036
107035
107034
212035
107032
201022
305031
213011
213013
108011
107042
107041
305041
201032
305042
306011
305043
201031
212036
305044
305045
306013
305047
