104021
103052
103051
104022
110024
212051
103055
110022
207021
207022
213021
109032
310041
310042
201044
202012
304042
201042
309052
304044
206052
305012
305014
104032
207032
109045
310053
310056
305021
201051
202021
304052
304055
304054
206062
213044
214013
103032
103031
109013
213042
208011
208012
108041
108042
108043
109012
310021
310022
310023
310013
309034
202031
309031
309032
202032
303055
304022
303053
304021
103043
207051
103045
214022
213054
208024
109021
109022
109023
310032
310033
108051
203014
309045
203013
309042
203011
309041
202041
304033
304032
105031
105032
214031
105037
208032
105035
208034
214032
308044
308043
203022
308042
202051
303034
303033
215014
106011
105042
208041
209011
214041
110055
105041
310012
203037
309023
303041
203032
308051
309021
203033
304012
105011
104042
105015
210011
208053
208054
209021
209024
215022
209023
209025
214051
1070112
109051
204015
308021
204014
204011
307052
203042
307051
303012
302044
110054
303015
303013
105023
105021
210022
215032
210021
105024
110033
110034
209037
209036
104051
308032
204022
203052
308031
110042
302055
203051
303021
210012
303024
107013
216014
209041
101031
210033
216012
101032
107017
210032
107016
107015
216011
215041
106042
307034
307033
302022
302021
101025
301051
210023
302026
301055
107025
107024
107023
301059
101042
216024
210043
211011
102012
210041
215052
215051
106053
106052
205017
307043
205016
307042
205015
308013
205011
210037
210036
302032
308014
302034
106023
106022
106021
216034
211022
101011
210053
216031
105052
307012
205026
205025
307011
204056
205022
301031
217015
106032
217013
101021
217011
101022
211031
216041
106031
307021
306052
306053
307023
306054
306055
205033
306051
205032
205031
301042
301041
107057
212013
102041
103012
103011
217022
107059
103013
102045
211042
216053
108021
305052
305053
306022
205045
205044
206011
205041
306023
301012
102051
212021
211051
212022
212023
103023
211053
103024
217031
108031
217032
201011
306033
206022
205054
206021
205053
301021
306034
212015
301023
212034
107034
107033
212035
101053
212031
102023
217043
1070511
217041
107031
201022
201021
305031
206032
206031
102016
213011
213013
102031
102032
212041
207011
207012
107042
107041
201032
305043
201031
206042
305044
306013
