213022
104022
213023
103054
103056
110024
212051
110025
207022
110023
213021
109034
201043
202012
201042
309052
304043
305012
305014
104032
104031
110016
110013
207031
110011
109042
310056
109041
305021
201051
304052
304051
304055
304054
206062
206061
213044
207041
213042
208011
109012
310021
310022
310013
309034
202031
202032
303051
304023
303055
304021
207051
103045
207052
207053
104012
213053
214022
103046
208023
108052
208024
109022
310031
310032
108051
310034
203014
309042
202041
304034
304032
105031
214031
208032
208033
308043
309012
203021
308042
202051
202052
303033
215014
215016
106011
105042
215015
208041
209011
214041
209013
110055
106014
110056
209015
105041
203034
309023
308051
309021
203033
304012
105011
105012
104044
105015
210011
215021
105013
215022
105014
209023
209025
1070112
109051
1070111
1070110
308021
308024
204014
204011
302044
302043
110051
110052
303015
215017
104053
210022
215034
105024
110034
105025
209034
104051
308033
308032
204024
308034
204023
204022
308031
303023
302055
203051
303022
302053
303021
210012
110041
209042
210033
101032
215042
107017
107015
215041
106042
106041
307031
204032
210023
302026
107023
215054
210044
216024
210043
102013
106052
106051
308011
205017
205016
307042
205015
308013
302033
210037
210036
210034
3100510
106022
105053
105054
210053
216031
105052
307012
204054
205022
301035
217015
106032
217013
217011
101022
211031
106031
307021
306053
205033
101013
302013
107058
212012
212013
103012
103011
217022
211042
216052
216053
108021
305051
305053
306022
205045
205044
211051
102052
103023
103022
217031
108031
306032
205053
205051
212015
107034
212035
101053
102021
101055
212031
1070513
217042
217043
1070510
107031
201022
102015
206032
102014
102016
213013
108012
212041
102034
207011
207012
108011
107042
306011
305043
206045
206043
206041
102027
306012
212037
212038
212039
