104021
213022
107013
213023
209041
103056
101032
216013
110025
109032
109033
106042
310043
307032
307031
202011
307034
307033
304042
204033
204032
201042
309052
301054
304045
301051
304043
210023
301057
301055
305013
302023
107023
301059
110016
101041
101042
215053
213031
216022
102012
109044
215051
310053
106052
109041
205017
205016
307045
308013
201051
304053
202021
204044
304054
3100510
214013
213046
103032
103031
216034
103033
213042
211021
208011
214011
216031
1030210
109012
105051
310021
105052
307012
307011
205024
303052
202032
304023
303055
217015
103043
103045
104014
217013
217014
213052
214022
217011
214021
211031
216041
203014
306052
309045
203013
205033
101013
205031
304034
301041
302013
105034
212012
105032
212013
102044
105037
217022
103013
211042
108021
203023
309012
205044
206011
301011
211051
212022
301018
102053
106011
105042
215015
214041
106014
110056
105041
203036
203035
303041
308051
203031
205054
205053
301021
304012
304011
107035
105012
104044
212034
105013
215022
209023
102023
1070512
109051
308022
308021
204014
305031
203044
203041
307051
206031
110052
213011
105023
213013
102031
102033
212041
105024
105025
207012
209036
104051
107042
308033
201032
305043
204022
201031
206045
206044
303023
302055
110041
305044
306013
303024
