104021
103053
101031
216012
101032
107017
210032
210031
207022
109032
109033
310042
106042
307032
201043
307034
307033
202012
304042
301053
302021
110032
101025
206052
210023
305012
302023
305014
213033
110013
101042
210044
211011
207031
216021
109042
310052
215051
106053
106052
310056
205016
205014
305021
201051
202021
201052
302033
210037
206062
308014
214012
103032
109013
211022
210054
213042
211021
108043
109012
310021
105052
310023
310013
307012
309033
205025
309034
205024
303052
309032
202032
205022
303055
103028
303053
304021
217015
103043
103042
207051
104015
214022
104013
211031
108052
108053
109021
108054
109023
310032
307023
309042
205033
309041
101013
301043
306057
302013
302012
107057
105031
212013
214031
208032
217022
208034
211042
216051
107054
107052
308043
203023
306021
306022
309012
203021
205044
206011
306023
102051
106012
102053
106011
212023
301015
215015
108034
209012
108031
217032
105041
201011
309023
303041
203033
205053
205052
301021
212014
306035
105011
107035
105012
101051
107033
101052
210011
215021
101053
215023
109053
217042
1070113
308022
204015
305031
308023
203042
303012
302044
206032
206031
303015
303014
303013
213011
213012
105023
102031
303017
210022
102033
209033
105024
110033
209035
207011
207012
108011
107042
201032
308032
204021
206041
110041
212036
306012
306013
303024
302056
