107014
212013
103012
210033
217022
211042
109031
109032
108021
109034
307032
308043
307033
203021
204033
303034
304044
215014
110017
215016
104031
209011
103023
210044
103022
108031
106053
105041
309025
307045
306032
306033
203032
202021
203031
210037
304054
306034
210051
106022
208051
208052
207041
210011
213041
101011
212031
109053
217043
108043
109051
310013
307053
310058
305031
309034
204055
307052
303012
303015
213011
105023
103043
104053
105021
207051
103045
207054
101023
211031
216041
209036
108011
107041
310034
308033
203013
302051
309043
206044
302011
303023
304034
206042
304032
306012
213048
306013
