213022
103051
213023
103054
209041
103056
215043
107018
216012
101032
212051
216013
103057
109032
215041
106042
106041
307034
304041
201042
201041
301054
305011
305012
305014
110017
101041
216024
210043
207031
213032
109042
215052
310056
109041
307045
308013
305021
304052
307041
204042
302033
304055
304054
206062
213046
105054
106021
109013
213041
210053
211021
208011
216033
213043
216031
109012
105051
309034
202031
202032
301032
304022
103029
103028
217015
103043
106032
103045
101021
217014
104015
213052
214022
211031
307021
306053
307023
205033
202041
205031
301041
306056
105031
212013
214031
105037
103011
102046
217022
103013
211042
305051
305052
203022
202051
206011
308041
211051
215016
102053
102052
209011
214041
103022
106014
108031
209014
105041
310012
309024
306033
303041
308051
205053
301021
304011
212015
105011
105012
104044
107034
208053
215023
105014
1070512
107031
308021
308024
305031
102016
302041
213011
102033
102032
215034
105024
209034
209036
104051
201033
305041
201031
203052
308031
303022
302053
206041
102027
110041
302057
