213022
107013
209042
212013
103055
208033
103013
213021
106042
107051
307031
307034
305053
202012
203021
205044
101024
301054
301014
305014
211052
212022
106011
105042
102052
101041
108034
216024
110056
107021
310053
106053
105041
106052
306033
308051
206062
302034
105011
105054
104042
208052
216034
102021
103033
208011
208012
102023
1070513
108041
217042
1070512
109012
105052
310023
310013
308021
305031
205025
202031
303051
203042
110053
206031
213055
106032
209032
105024
211031
105025
213054
216041
209036
108011
109023
104051
107042
203015
307022
203013
204022
202041
303023
206042
303021
301041
110041
