103051
104022
107012
110024
216012
212051
110025
213021
201044
202011
202012
204032
104016
206052
206051
210023
302026
213033
110017
110015
301059
110016
101042
109042
310054
205017
202022
205014
304053
206062
302035
105054
216035
103033
208011
108041
108043
109012
310022
307012
309033
307011
309032
304022
213055
103043
213053
214022
214021
310031
306053
205033
309041
304033
306056
103012
103011
217022
216051
203023
306022
205045
202051
102051
103023
108031
309023
206022
206021
205051
301023
101051
208051
208052
212035
105015
209024
209023
217043
107031
201014
109051
308022
308021
305031
303015
213011
213013
303017
102033
102032
209035
105025
209036
107041
204024
306011
201031
206045
206042
303021
110041
305044
